0.796006 0.305773 0.316452
0.790515 0.327138 0.323097
0.786459 0.348564 0.336841
0.780722 0.369049 0.357963
0.772111 0.391248 0.384703
0.762319   0.4145 0.416992
 0.75412 0.430996 0.457607
0.753027 0.432026 0.504848
0.761952 0.418171  0.55002
0.775054 0.395758 0.585091
0.789912 0.367243 0.606072
0.800989 0.335797 0.612491
0.810919 0.301244 0.610594
0.820031 0.266445 0.606813
0.828547 0.234406  0.59956
0.837054 0.211158 0.585353
0.846054 0.197708 0.561253
0.854497 0.190986 0.529586
0.859963 0.190449  0.49552
 0.85972 0.201498 0.461286
0.851881 0.228996 0.436423
0.840203 0.267248 0.422799
0.826999 0.311586 0.417166
0.814685 0.355065 0.416796
0.801982 0.393067 0.417015
0.794826 0.411228 0.416909
0.800181 0.396365 0.418614
0.812188 0.360239 0.420666
0.822481 0.318586 0.418558
0.824483   0.2817 0.412227
0.818742 0.256544  0.40915
0.807429 0.238669 0.413366
0.791473  0.22472 0.421493
0.768613 0.216071 0.424439
0.739692 0.209992  0.42077
0.705024 0.206874 0.415631
0.669606 0.206666 0.410292
0.636634 0.206554 0.403221
0.608175 0.201334 0.395756
0.603716 0.192321 0.394884
0.624781  0.18816 0.401395
0.660693 0.188011 0.414997
0.698486 0.189914 0.430623
 0.73179 0.194256 0.442487
0.758306 0.200725  0.44852
0.783567 0.207706 0.453857
0.808041 0.216229 0.461743
0.830616  0.22313 0.476857
0.848377 0.228404 0.505589
 0.85658 0.236013  0.53923
0.857926 0.248103 0.572951
0.851164 0.269168 0.595775
0.838554 0.300474 0.605574
0.825633 0.329767 0.613197
 0.81086 0.358679 0.617027
0.795119 0.384555  0.61548
0.780211 0.405509 0.606699
0.768262  0.42196 0.590649
0.761346 0.431287 0.566498
0.762341 0.432297 0.529382
0.776474 0.417169 0.484911
0.796122 0.389149 0.445243
0.815731 0.350781 0.412459
0.831951  0.30441 0.386016
0.842781 0.252504 0.369062
0.848216 0.203326 0.366764
0.846186 0.166413 0.368209
0.833295 0.149128 0.363329
0.815825 0.148112 0.363739
0.795773 0.157824 0.374751
0.773118 0.172806 0.394377
0.756597 0.190864 0.425045
0.743981 0.216991 0.456698
0.731611 0.255242  0.47598
0.720737 0.296564 0.484973
0.709694 0.335442 0.483905
0.699525 0.367173 0.480984
0.696044 0.389678 0.478854
0.706301  0.40255  0.47522
0.730736 0.402497 0.467439
0.762825 0.389092 0.456574
0.793337 0.363989 0.441623
0.818209  0.33126 0.425246
0.835508  0.29166 0.407511
0.846502 0.247771 0.392341
0.852513 0.201631 0.387823
0.854301 0.158105 0.388089
 0.85269 0.124891 0.385897
0.845657 0.108764  0.38042
0.833881 0.105721 0.376933
0.818244 0.112157 0.380064
0.798098 0.126349 0.386718
0.782746 0.149674 0.399263
0.775643 0.177386 0.419636
0.768039 0.207657 0.438554
0.759508 0.242113 0.451663
0.750589 0.278924 0.457344
0.741929 0.315722 0.455739
0.735487 0.345477 0.452762
  0.7419 0.360265   0.4494
0.762853  0.36072 0.442884
0.789541  0.35176 0.429464
0.816707 0.338016 0.409071
0.846559 0.317876 0.391393
0.872531 0.293852  0.38045
0.889234 0.268215 0.371205
0.893769 0.237915  0.35687
0.889795 0.203709 0.342862
0.881026 0.174164 0.330941
 0.86937 0.158461 0.327153
0.853839 0.155796 0.333595
 0.83292 0.162713  0.34635
0.803984 0.175742 0.359964
0.770599  0.19033 0.375972
0.739394 0.211349 0.400245
0.717348 0.241626 0.436672
0.698105 0.272168 0.478081
0.675061 0.304724  0.51707
0.649557 0.338874 0.544249
0.629575 0.372665 0.563738
0.631139 0.399567 0.585326
 0.65138 0.416921 0.614477
0.676497 0.425053 0.631931
0.701281 0.428507 0.624894
0.726795 0.425509 0.600283
0.753307 0.417291 0.563541
0.783307 0.400188 0.517457
0.815131 0.365848 0.466829
0.842816 0.315393 0.423042
0.861484 0.255344  0.39211
 0.87225  0.19107 0.371504
0.875848 0.127018 0.358769
 0.870726 0.0693592  0.351046
 0.854917 0.0220104  0.340086
  0.832053 -0.0124249   0.323984
  0.797696 -0.0236217   0.301765
  0.756191 -0.0186738    0.28437
    0.717039 -0.000458431     0.278019
 0.682678 0.0223838  0.285741
 0.648617 0.0476363  0.303298
 0.614116 0.0815726  0.325794
0.584196 0.122975 0.351498
0.570664 0.169392 0.369371
0.567668 0.215487 0.372172
0.563026 0.260432 0.368945
0.572883 0.303444 0.374583
0.604643 0.350856 0.394108
0.643701 0.400294 0.426472
 0.68009 0.433967 0.467557
0.714722 0.446973 0.518654
0.739999 0.441445 0.572266
0.758041  0.42181 0.609456
0.776037 0.393197 0.630151
 0.79407 0.356128  0.64559
0.813414 0.311769 0.657801
0.831674 0.260012 0.666281
0.845835 0.207771 0.666433
0.855758 0.157901 0.656836
0.863196 0.106191 0.642224
 0.867547 0.0586375  0.626802
 0.871429 0.0257417  0.610398
 0.878777 0.0207972  0.593095
 0.886506 0.0362536  0.580708
 0.891332 0.0657817  0.577425
0.894155 0.110161 0.577902
0.894189 0.167982 0.577969
0.889613 0.228499   0.5779
0.881277 0.281247 0.578623
 0.87055 0.325335 0.579927
0.861728  0.35862 0.578722
0.856747 0.379868 0.571506
0.861901 0.383835 0.552957
0.877855 0.368205 0.522973
0.897084 0.334298 0.486202
0.913052 0.284047 0.458193
0.921774 0.226492 0.450071
0.925663 0.164705 0.451683
0.925372 0.106577 0.451427
 0.921144 0.0507639  0.451461
  0.914151 0.00162115   0.451157
  0.907767 -0.0289731    0.44862
  0.905455 -0.0230558   0.433061
0.901478 0.010958 0.405937
 0.890501 0.0591622  0.378301
0.873283 0.106932  0.36351
0.852734  0.15177 0.369003
0.832385 0.194646 0.390213
0.810714 0.237671 0.417667
0.788295 0.274975 0.443056

1.60255e-316 6.93596e-310  6.9532e-310
-0.453626  0.420519  0.427443
-0.458138  0.435126  0.404647
-0.463971  0.458458  0.381982
-0.47228 0.487237 0.358531
-0.482543  0.523558  0.332756
-0.490295  0.569349  0.313988
-0.489362  0.622165  0.312434
-0.477448  0.674384    0.3273
-0.461926  0.715595  0.351093
-0.444846  0.741002  0.381161
 -0.4309 0.749907 0.415963
-0.41856 0.747842 0.452507
-0.406199  0.743562  0.490861
-0.395611  0.735936  0.526262
-0.386088  0.721099  0.551253
-0.376335  0.693733  0.566109
-0.368105  0.658932  0.572836
-0.362688  0.619821  0.573629
-0.364353   0.58043  0.561699
-0.374829  0.551761  0.532817
-0.390309  0.533549  0.490279
-0.407693   0.52508  0.441636
-0.423236  0.524004  0.395394
-0.439349  0.524006  0.353682
-0.448832   0.52373  0.333406
-0.442281  0.525499  0.348411
-0.427509  0.528188  0.385951
-0.41373 0.526391 0.430183
-0.409215  0.519042  0.470256
-0.413741  0.514146  0.498601
-0.424241  0.517371   0.51854
-0.438868  0.525093  0.533808
-0.462303  0.527644  0.543907
-0.492759  0.522349  0.550368
-0.530749  0.515141   0.55345
-0.56948 0.508679 0.553166
-0.607704  0.500416  0.552261
-0.640401  0.491633  0.556855
-0.645609  0.489876  0.566939
-0.622309  0.496424  0.572528
-0.581786  0.511167  0.573942
-0.537815  0.529575  0.572694
-0.500061  0.544574  0.568359
-0.471733  0.552871  0.561649
-0.444774  0.560444  0.553864
-0.419053  0.570759  0.544466
-0.395538   0.58888  0.536734
-0.375829   0.62367  0.530323
-0.367357  0.663841  0.521536
-0.366705   0.70336   0.50848
-0.374959  0.731587  0.485293
-0.389481  0.741624  0.452278
-0.404134  0.749624   0.42101
-0.421147  0.753465  0.389244
-0.438341  0.750677  0.361836
-0.455342  0.739173   0.33874
-0.468668  0.720059  0.321291
-0.476704  0.692253  0.311453
-0.477467  0.649801   0.31036
-0.464216  0.600334  0.325572
-0.443893  0.554966  0.356327
-0.422992  0.519165  0.396737
-0.404886  0.490005  0.445822
-0.390987  0.470266  0.502369
-0.38253 0.467432 0.555859
-0.382028  0.469443  0.596135
-0.395213  0.462715  0.616075
-0.413269  0.461155  0.618061
-0.434638   0.47177  0.607608
-0.45772 0.491581 0.591856
-0.473799  0.523834   0.57297
-0.486159  0.560447  0.544547
-0.500028  0.582446  0.503853
-0.513477  0.592974  0.459434
-0.527624  0.591694  0.417711
-0.54157 0.588223 0.381882
-0.547475  0.585552  0.357739
-0.538402  0.581978  0.342977
-0.513446  0.574427  0.342499
-0.478675  0.563612  0.357005
-0.446012  0.548507  0.383225
-0.418538  0.531407  0.418025
-0.398058  0.512339  0.461209
-0.384825  0.495401  0.507908
-0.376011  0.489655  0.558203
-0.371813  0.490581  0.604399
-0.371671  0.488391  0.642249
-0.378308  0.481969  0.660695
-0.390893  0.476397  0.665083
-0.406997  0.478114  0.659009
-0.428688  0.483865  0.643895
-0.445496  0.496556     0.619
-0.453103  0.519457   0.58824
-0.461177   0.54016  0.556084
-0.471174  0.555112  0.519062
-0.482782  0.561952  0.478148
-0.494085  0.560016  0.439007
-0.503686  0.556722  0.406316
-0.499144   0.55317  0.389084
-0.477677  0.547241  0.388119
-0.450117  0.534214  0.397279
-0.421166  0.513349  0.412403
-0.390572  0.495785  0.432934
-0.361684  0.485737   0.45849
-0.342889  0.477176  0.484601
-0.337091  0.461816  0.516953
-0.340018  0.444935   0.55523
-0.348135  0.430342  0.587609
-0.359934  0.424106  0.606457
-0.375193  0.428932  0.610596
-0.396562  0.440623  0.604376
-0.426119  0.453246  0.591141
-0.460613  0.468203  0.576084
-0.494578   0.49354  0.553076
-0.517629  0.534196  0.519159
-0.536113  0.580516  0.485833
-0.559783  0.625873  0.449729
-0.587092  0.657076  0.412975
-0.609989  0.679365  0.376761
-0.609823  0.703768  0.346756
-0.588764  0.737073  0.327815
-0.561759  0.760078   0.31856
-0.537508  0.755008  0.314462
-0.511526  0.728635  0.317416
-0.485565   0.68883  0.325828
-0.454428  0.637541  0.343891
-0.42189 0.581826 0.379419
-0.391177   0.53131  0.434936
-0.36975 0.496857  0.49932
-0.355956  0.473666  0.569018
-0.34961 0.459941 0.636838
-0.352425   0.45118  0.700834
-0.367195  0.438771  0.752745
-0.390898  0.420007  0.791715
-0.42715 0.394219 0.805425
-0.474552  0.371991  0.800455
-0.51797 0.363196 0.780161
-0.557011  0.370243  0.753838
-0.594619  0.389533  0.724513
-0.631673   0.41447   0.68591
-0.666477  0.444796  0.638518
-0.684397  0.466259   0.58845
-0.692187  0.470939  0.537789
-0.702406  0.468035  0.490797
-0.695559  0.473697  0.444541
-0.659668  0.494683  0.394736
-0.615946  0.529882  0.343523
-0.574105  0.575565  0.307917
-0.532672  0.634572  0.293567
-0.50224 0.696933 0.299564
-0.479658  0.742313  0.322194
-0.459045  0.767579   0.35281
-0.437955  0.787407  0.394111
-0.416865   0.80343  0.441033
-0.396684  0.816235  0.496929
-0.380079  0.819304  0.554509
-0.367128  0.809747  0.607249
-0.357115  0.793859  0.664004
-0.350785  0.777653   0.71528
-0.345685  0.760045  0.752829
-0.338515  0.741771  0.759602
-0.331253  0.727866  0.743557
-0.327197   0.72366  0.712146
-0.326089  0.724253  0.665538
-0.328397  0.724163  0.602985
-0.335613  0.723721   0.53789
-0.347217  0.724226  0.479324
-0.360687  0.725021  0.430886
 -0.3716 0.723355 0.394986
-0.378415  0.714916  0.370277
-0.374215  0.694768  0.364954
 -0.3573 0.661403  0.38007
-0.336366  0.620771    0.4139
-0.316715  0.587307  0.467388
-0.304423  0.577178  0.527978
-0.296934   0.57963  0.595254
-0.294085  0.579368  0.657489
-0.295971  0.579958  0.719166
-0.300882  0.579819  0.772707
-0.306378  0.576905  0.808372
-0.308765  0.558877  0.804142
-0.314258  0.525616  0.767419
-0.327906  0.491485   0.71607
-0.348857  0.470111  0.662196
-0.372523  0.472537  0.613749
-0.395262  0.493321  0.566849
-0.41831 0.520867 0.521747
-0.442501  0.548009   0.48111
